# GTOC13 Solution File
# Created: 2025-11-07 20:52:02
# Units: epoch(s), position(km), velocity(km/s)
#
# Propagated Arc: Body 0 (heliocentric) from t=66.624837 years to t=98.160445 years
#    body_id   flag                epoch (s)              x (km)              y (km)              z (km)           vx (km/s)           vy (km/s)           vz (km/s)                  cx                  cy                  cz
           0      1   2.1025199676776893e+09  -2.99195741382e+10   1.44059544600e+08  -5.35867099582e+09   9.17768808185e+00   3.02249120153e-20   0.00000000000e+00   0.00000000000e+00   0.00000000000e+00   0.00000000000e+00
           0      1   2.1121017854793291e+09  -2.98316283753e+10   1.44059511692e+08  -5.35866977173e+09   9.17911458728e+00  -6.87859394327e-06   2.55867266262e-04   0.00000000000e+00   0.00000000000e+00   0.00000000000e+00
           0      1   2.1343985796518984e+09  -2.96269262734e+10   1.44059177912e+08  -5.35865735590e+09   9.18246528866e+00  -2.31152949004e-05   8.59833763110e-04   0.00000000000e+00   0.00000000000e+00   0.00000000000e+00
           0      1   2.1687606932326717e+09  -2.93113074453e+10   1.44057944860e+08  -5.35861148934e+09   9.18771639005e+00  -4.87857993152e-05   1.81471521738e-03   0.00000000000e+00   0.00000000000e+00   0.00000000000e+00
           0      1   2.2142953836736054e+09  -2.88927861105e+10   1.44054925799e+08  -5.35849918747e+09   9.19484294685e+00  -8.40643364662e-05   3.12699254227e-03   0.00000000000e+00   0.00000000000e+00   0.00000000000e+00
           0      1   2.2698228281769481e+09  -2.83819726031e+10   1.44049017185e+08  -5.35827940115e+09   9.20380356838e+00  -1.29141582013e-04   4.80375841674e-03   0.00000000000e+00   0.00000000000e+00   0.00000000000e+00
           0      1   2.3339047500962238e+09  -2.77918336897e+10   1.44038996168e+08  -5.35790664325e+09   9.21453274051e+00  -1.84172106460e-04   6.85076249453e-03   0.00000000000e+00   0.00000000000e+00   0.00000000000e+00
           0      1   2.4048814058112183e+09  -2.71373802681e+10   1.44023642876e+08  -5.35733553744e+09   9.22693138891e+00  -2.49202597328e-04   9.26974143985e-03   0.00000000000e+00   0.00000000000e+00   0.00000000000e+00
           0      1   2.4809145114500694e+09  -2.64353030240e+10   1.44001884569e+08  -5.35652618041e+09   9.24085570653e+00  -3.24076906461e-04   1.20548869142e-02   0.00000000000e+00   0.00000000000e+00   0.00000000000e+00
           0      1   2.5600348352998953e+09  -2.57035655745e+10   1.43972955725e+08  -5.35545009648e+09   9.25610481035e+00  -4.08316988745e-04   1.51884167811e-02   0.00000000000e+00   0.00000000000e+00   0.00000000000e+00
           0      1   2.6401931929728394e+09  -2.49609639614e+10   1.43936563685e+08  -5.35409639950e+09   9.27240833325e+00  -5.00983336953e-04   1.86353836156e-02   0.00000000000e+00   0.00000000000e+00   0.00000000000e+00
           0      1   2.7193135168226652e+09  -2.42266614417e+10   1.43893043751e+08  -5.35247756193e+09   9.28941574028e+00  -6.00525996017e-04   2.23381327910e-02   0.00000000000e+00   0.00000000000e+00   0.00000000000e+00
           0      1   2.7953466224615164e+09  -2.35197076313e+10   1.43843481153e+08  -5.35063395162e+09   9.30668990976e+00  -7.04647750654e-04   2.62112133853e-02   0.00000000000e+00   0.00000000000e+00   0.00000000000e+00
           0      1   2.8663232781765108e+09  -2.28585512674e+10   1.43789771778e+08  -5.34863609117e+09   9.32370814221e+00  -8.10213216403e-04   3.01379965848e-02   0.00000000000e+00   0.00000000000e+00   0.00000000000e+00
           0      1   2.9304052000957866e+09  -2.22605563794e+10   1.43734591684e+08  -5.34658352346e+09   9.33987393055e+00  -9.13247624780e-04   3.39706304951e-02   0.00000000000e+00   0.00000000000e+00   0.00000000000e+00
           0      1   2.9859326445991287e+09  -2.17415327425e+10   1.43681250460e+08  -5.34459935732e+09   9.35454214699e+00  -1.00907088157e-03   3.75350267891e-02   0.00000000000e+00   0.00000000000e+00   0.00000000000e+00
           0      1   3.0314673350400629e+09  -2.13152933182e+10   1.43633418668e+08  -5.34282012889e+09   9.36705844971e+00  -1.09259873157e-03   4.06420633162e-02   0.00000000000e+00   0.00000000000e+00   0.00000000000e+00
           0      1   3.0658294486208363e+09  -2.09932546138e+10   1.43594745202e+08  -5.34138156833e+09   9.37681065299e+00  -1.15880893284e-03   4.31049246708e-02   0.00000000000e+00   0.00000000000e+00   0.00000000000e+00
           0      1   3.0881262427934055e+09  -2.07841098286e+10   1.43568413596e+08  -5.34040209548e+09   9.38328576664e+00  -1.20331765437e-03   4.47605428096e-02   0.00000000000e+00   0.00000000000e+00   0.00000000000e+00
           0      1   3.0977080605950451e+09  -2.06941874055e+10   1.43556790320e+08  -5.33996973735e+09   9.38610491879e+00  -1.22283275495e-03   4.54864579427e-02   0.00000000000e+00   0.00000000000e+00   0.00000000000e+00
# Flyby of Body 10 (PlanetX) at t=98.160445 years, v_inf=9.446706 km/s
#    body_id   flag                epoch (s)              x (km)              y (km)              z (km)           vx (km/s)           vy (km/s)           vz (km/s)             v_inf_x             v_inf_y             v_inf_z
          10      1   3.0977080605950451e+09  -2.06941874055e+10   1.43556790320e+08  -5.33996973735e+09   9.38610491879e+00  -1.22283275495e-03   4.54864579427e-02   9.21151097329e+00   1.63826211985e+00   1.30553254108e+00
          10      1   3.0977080605950451e+09  -2.06941874055e+10   1.43556790320e+08  -5.33996973735e+09   8.20701498254e+00  -7.00273882013e-01   3.62241525361e+00   8.03242103704e+00   9.39211070596e-01   4.88246133674e+00
# Propagated Arc: Body 0 (heliocentric) from t=98.160445 years to t=141.326327 years
#    body_id   flag                epoch (s)              x (km)              y (km)              z (km)           vx (km/s)           vy (km/s)           vz (km/s)                  cx                  cy                  cz
           0      1   3.0977080605950451e+09  -2.06941874055e+10   1.43556790320e+08  -5.33996973735e+09   8.20701498254e+00  -7.00273882013e-01   3.62241525361e+00   0.00000000000e+00   0.00000000000e+00   0.00000000000e+00
           0      1   3.1108236350853043e+09  -2.05865221893e+10   1.34372122644e+08  -5.29245310838e+09   8.21091068984e+00  -7.00300108303e-01   3.62341864230e+00   0.00000000000e+00   0.00000000000e+00   0.00000000000e+00
           0      1   3.1413434457223067e+09  -2.03357864255e+10   1.12998225343e+08  -5.18183108846e+09   8.22014658992e+00  -7.00355909493e-01   3.62578255331e+00   0.00000000000e+00   0.00000000000e+00   0.00000000000e+00
           0      1   3.1883782432566800e+09  -1.99488096881e+10   8.00553929418e+07  -5.01120594615e+09   8.23486648216e+00  -7.00426336763e-01   3.62950679721e+00   0.00000000000e+00   0.00000000000e+00   0.00000000000e+00
           0      1   3.2507060433393273e+09  -1.94349164918e+10   3.63972729148e+07  -4.78482904114e+09   8.25533922376e+00  -7.00486573276e-01   3.63459834622e+00   0.00000000000e+00   0.00000000000e+00   0.00000000000e+00
           0      1   3.3267119067061596e+09  -1.88064637050e+10  -1.68447668618e+07  -4.50833454760e+09   8.28192726364e+00  -7.00499535333e-01   3.64105811466e+00   0.00000000000e+00   0.00000000000e+00   0.00000000000e+00
           0      1   3.4144271229428315e+09  -1.80785792785e+10  -7.82863195015e+07  -4.18861854904e+09   8.31507569539e+00  -7.00412867234e-01   3.64887128331e+00   0.00000000000e+00   0.00000000000e+00   0.00000000000e+00
           0      1   3.5115798380508327e+09  -1.72688254256e+10  -1.46322373583e+08  -3.83368173079e+09   8.35529129494e+00  -7.00155330097e-01   3.65799378439e+00   0.00000000000e+00   0.00000000000e+00   0.00000000000e+00
           0      1   3.6156538124653153e+09  -1.63968149009e+10  -2.19165675228e+08  -3.45244686740e+09   8.40310339740e+00  -6.99633097023e-01   3.66833417601e+00   0.00000000000e+00   0.00000000000e+00   0.00000000000e+00
           0      1   3.7239535654587636e+09  -1.54837959186e+10  -2.94890570361e+08  -3.05455590958e+09   8.45899554091e+00  -6.98727124645e-01   3.67973096494e+00   0.00000000000e+00   0.00000000000e+00   0.00000000000e+00
           0      1   3.8336741772299886e+09  -1.45522199647e+10  -3.71482249484e+08  -2.65015029877e+09   8.52329309680e+00  -6.97293894163e-01   3.69192716678e+00   0.00000000000e+00   0.00000000000e+00   0.00000000000e+00
           0      1   3.9419739302234373e+09  -1.36253044931e+10  -4.46891625397e+08  -2.24963687024e+09   8.59598969366e+00  -6.95173485423e-01   3.70454721612e+00   0.00000000000e+00   0.00000000000e+00   0.00000000000e+00
           0      1   4.0460479046379194e+09  -1.27265968828e+10  -5.19096206729e+08  -1.86344003803e+09   8.67649807991e+00  -6.92210891937e-01   3.71708657275e+00   0.00000000000e+00   0.00000000000e+00   0.00000000000e+00
           0      1   4.1432006197459211e+09  -1.18795353945e+10  -5.86166868541e+08  -1.50173946207e+09   8.76332641513e+00  -6.88297508802e-01   3.72893047609e+00   0.00000000000e+00   0.00000000000e+00   0.00000000000e+00
           0      1   4.2309158359825926e+09  -1.11069865344e+10  -6.46338685588e+08  -1.17419250823e+09   8.85371872079e+00  -6.83436976939e-01   3.73942099787e+00   0.00000000000e+00   0.00000000000e+00   0.00000000000e+00
           0      1   4.3069216993494253e+09  -1.04307188891e+10  -6.98080334388e+08  -8.89644693427e+08   8.94336441370e+00  -6.77828582599e-01   3.74798185874e+00   0.00000000000e+00   0.00000000000e+00   0.00000000000e+00
           0      1   4.3692494994320726e+09  -9.87076078919e+09  -7.40151293154e+08  -6.55840577004e+08   9.02636228707e+00  -6.71939341144e-01   3.75427830943e+00   0.00000000000e+00   0.00000000000e+00   0.00000000000e+00
           0      1   4.4162842969664459e+09  -9.44460217414e+09  -7.71631868682e+08  -4.79160530141e+08   9.09566354002e+00  -6.66510060474e-01   3.75833844424e+00   0.00000000000e+00   0.00000000000e+00   0.00000000000e+00
           0      1   4.4468041076034489e+09  -9.16627216891e+09  -7.91912678619e+08  -3.64422276928e+08   9.14412301343e+00  -6.62437156507e-01   3.76053099578e+00   0.00000000000e+00   0.00000000000e+00   0.00000000000e+00
           0      1   4.4599196820937071e+09  -9.04619976842e+09  -8.00588557328e+08  -3.15095340656e+08   9.16586825947e+00  -6.60535598040e-01   3.76134197017e+00   0.00000000000e+00   0.00000000000e+00   0.00000000000e+00
# Flyby of Body 9 (Rogue1) at t=141.326327 years, v_inf=11.283047 km/s
#    body_id   flag                epoch (s)              x (km)              y (km)              z (km)           vx (km/s)           vy (km/s)           vz (km/s)             v_inf_x             v_inf_y             v_inf_z
           9      1   4.4599196820937071e+09  -9.04619976842e+09  -8.00588557328e+08  -3.15095340656e+08   9.16586825947e+00  -6.60535598040e-01   3.76134197017e+00   9.65580586178e+00  -4.71739425257e+00   3.43784075841e+00
           9      1   4.4599196820937071e+09  -9.04619976842e+09  -8.00588557328e+08  -3.15095340656e+08   6.59423359166e+00  -4.61718100336e+00  -1.04861175734e+00   7.08417119397e+00  -8.67403965789e+00  -1.37211296910e+00
# Propagated Arc: Body 0 (heliocentric) from t=141.326327 years to t=179.836194 years
#    body_id   flag                epoch (s)              x (km)              y (km)              z (km)           vx (km/s)           vy (km/s)           vz (km/s)                  cx                  cy                  cz
           0      1   4.4599196820937071e+09  -9.04619976842e+09  -8.00588557328e+08  -3.15095340656e+08   6.59423359166e+00  -4.61718100336e+00  -1.04861175734e+00   0.00000000000e+00   0.00000000000e+00   0.00000000000e+00
           0      1   4.4716205677010307e+09  -8.96892581037e+09  -8.54603173856e+08  -3.27360936702e+08   6.61404017991e+00  -4.61536095057e+00  -1.04790534864e+00   0.00000000000e+00   0.00000000000e+00   0.00000000000e+00
           0      1   4.4988484114593029e+09  -8.78820004101e+09  -9.80205094701e+08  -3.55868942353e+08   6.66130796946e+00  -4.61047330252e+00  -1.04608577982e+00   0.00000000000e+00   0.00000000000e+00   0.00000000000e+00
           0      1   4.5408098814598799e+09  -8.50709766496e+09  -1.17347680401e+09  -3.99696690480e+08   6.73750239246e+00  -4.60097067861e+00  -1.04275355236e+00   0.00000000000e+00   0.00000000000e+00   0.00000000000e+00
           0      1   4.5964148005936050e+09  -8.12950440537e+09  -1.42886893382e+09  -4.57531021017e+08   6.84507980308e+00  -4.58410327723e+00  -1.03720066331e+00   0.00000000000e+00   0.00000000000e+00   0.00000000000e+00
           0      1   4.6642224222423325e+09  -7.66060885238e+09  -1.73879191415e+09  -5.27574351952e+08   6.98715181816e+00  -4.55551344384e+00  -1.02831534414e+00   0.00000000000e+00   0.00000000000e+00   0.00000000000e+00
           0      1   4.7424763875542784e+09  -7.10691411068e+09  -2.09355496312e+09  -6.07529836028e+08   7.16698953002e+00  -4.50866897489e+00  -1.01444925670e+00   0.00000000000e+00   0.00000000000e+00   0.00000000000e+00
           0      1   4.8291498921547766e+09  -6.47635229678e+09  -2.48130720758e+09  -6.94588386274e+08   7.38696716051e+00  -4.43426693491e+00  -9.93284773309e-01   0.00000000000e+00   0.00000000000e+00   0.00000000000e+00
           0      1   4.9219981063315811e+09  -5.77861758755e+09  -2.88803135092e+09  -7.85431475675e+08   7.64659338781e+00  -4.31999658123e+00  -9.61802454832e-01   0.00000000000e+00   0.00000000000e+00   0.00000000000e+00
           0      1   5.0186162927494860e+09  -5.02582799764e+09  -3.29774234904e+09  -8.76288625460e+08   7.93945867590e+00  -4.15153893347e+00  -9.16566662326e-01   0.00000000000e+00   0.00000000000e+00   0.00000000000e+00
           0      1   5.1165020794570522e+09  -4.23352772741e+09  -3.69318085150e+09  -9.63120956474e+08   8.24982848346e+00  -3.91614325864e+00  -8.54649182132e-01   0.00000000000e+00   0.00000000000e+00   0.00000000000e+00
           0      1   5.2131202658749571e+09  -3.42173808831e+09  -4.05735698136e+09  -1.04201438121e+09   8.55149094709e+00  -3.60949841683e+00  -7.75333209841e-01   0.00000000000e+00   0.00000000000e+00   0.00000000000e+00
           0      1   5.3059684800517616e+09  -2.61529817802e+09  -4.37601755576e+09  -1.10979047933e+09   8.81273456271e+00  -3.24342691302e+00  -6.81939371505e-01   0.00000000000e+00   0.00000000000e+00   0.00000000000e+00
           0      1   5.3926419846522598e+09  -1.84259066316e+09  -4.64030772642e+09  -1.16464403808e+09   9.00800713595e+00  -2.84777552317e+00  -5.82137930654e-01   0.00000000000e+00   0.00000000000e+00   0.00000000000e+00
           0      1   5.4708959499642057e+09  -1.13256935806e+09  -4.84817121774e+09  -1.20644834046e+09   9.12902053018e+00  -2.46179632468e+00  -4.85685083675e-01   0.00000000000e+00   0.00000000000e+00   0.00000000000e+00
           0      1   5.5387035716129332e+09  -5.11361839268e+08  -5.00351624351e+09  -1.23650571983e+09   9.18614189342e+00  -2.12021983720e+00  -4.00981671901e-01   0.00000000000e+00   0.00000000000e+00   0.00000000000e+00
           0      1   5.5943084907466583e+09  -4.41985420756e+04  -5.11370995184e+09  -1.25690261325e+09   9.20019488590e+00  -1.84451684741e+00  -3.33032654323e-01   0.00000000000e+00   0.00000000000e+00   0.00000000000e+00
           0      1   5.6362699607472353e+09   3.85903980621e+08  -5.18685865990e+09  -1.26983394007e+09   9.19271366160e+00  -1.64314650522e+00  -2.83635558651e-01   0.00000000000e+00   0.00000000000e+00   0.00000000000e+00
           0      1   5.6634978045055075e+09   6.36045865423e+08  -5.22986841614e+09  -1.27713364904e+09   9.18032837441e+00  -1.51671410605e+00  -2.52721649678e-01   0.00000000000e+00   0.00000000000e+00   0.00000000000e+00
           0      1   5.6751986901128311e+09   7.43423841405e+08  -5.24730357561e+09  -1.28001461680e+09   9.17333035171e+00  -1.46355203191e+00  -2.39746438918e-01   0.00000000000e+00   0.00000000000e+00   0.00000000000e+00
# Flyby of Body 8 (Wakonyingo) at t=179.836194 years, v_inf=4.779616 km/s
#    body_id   flag                epoch (s)              x (km)              y (km)              z (km)           vx (km/s)           vy (km/s)           vz (km/s)             v_inf_x             v_inf_y             v_inf_z
           8      1   5.6751986901128311e+09   7.43423841405e+08  -5.24730357561e+09  -1.28001461680e+09   9.17333035171e+00  -1.46355203191e+00  -2.39746438918e-01   4.34931092557e+00  -1.94711309638e+00   3.70105457469e-01
           8      1   5.6751986901128311e+09   7.43423841405e+08  -5.24730357561e+09  -1.28001461680e+09   1.63540603620e-01  -3.02233943218e-01   1.02325284996e-01  -4.66047882252e+00  -7.85795007696e-01   7.12177181382e-01
